22.43384
69.98175
22.21982
22.11748
25.01463
23.55969
51.5978
44.62752
38.46257
15.90455
57.1149
53.54414
8.516392
28.4745
35.86895
52.30703
41.65322
62.40215
47.76423
83.37418
24.39047
46.34868
44.57528
28.83319
57.28432
40.36589
48.35114
51.34167
48.45523
36.78883
4.541764
28.90646
28.86958
36.33258
54.96403
54.75586
38.80858
31.68413
18.765
29.90209
47.65495
51.85544
29.41416
22.84453
31.31937
42.65316
67.11537
71.83049
48.53593
4.227221
50.65191
47.97211
54.98068
66.28811
67.83225
34.36155
63.12955
30.65889
71.75543
82.99249
28.89924
22.47788
0.273313
37.49074
60.8772
33.83053
14.66466
16.49095
27.40749
55.15865
40.82793
25.90381
41.46433
41.63417
38.62893
37.06167
49.12332
23.78684
40.94922
11.37508
41.80792
29.97434
25.15468
72.10933
55.17208
14.9383
41.10586
42.94749
32.76807
63.21517
35.5887
50.13856
48.19378
47.34232
24.31134
49.48589
36.03208
61.01016
40.67649
28.14112
57.91696
61.29038
64.46403
55.42727
22.26695
37.5896
50.18186
57.06209
22.30957
88.9708
69.04431
33.6763
56.15788
61.35205
61.25673
63.92383
24.18029
55.82761
19.32747
18.52384
55.74813
49.65311
27.66718
32.5827
23.76024
70.18228
29.74598
51.84307
65.12536
34.24556
27.12116
40.89671
73.92212
22.83516
17.36153
45.27463
27.41849
61.28259
50.74804
23.26084
27.72236
26.97266
48.76803
33.85524
71.54021
55.87043
72.97915
76.02018
55.49196
80.98951
35.37391
44.41689
40.34261
53.773
26.71873
26.66473
19.11587
54.93288
36.1748
39.5637
82.92276
54.06119
37.63149
64.62976
25.59636
9.291919
32.18397
30.38905
24.59356
26.31661
25.74576
26.46659
47.92021
51.79112
41.96336
54.30411
56.89018
31.19231
27.17597
54.00147
45.07433
26.47894
36.93975
40.5855
26.98479
47.80473
39.75043
62.65711
16.76143
6.021407
36.40828
28.2958
41.9045
14.37544
44.62258
26.86719
22.57157
30.76043
34.72514
26.28253
21.92697
27.3287
68.73076
59.16918
28.72406
21.10925
95.00442
72.87211
64.00509
56.19981
53.07259
60.26401
69.04321
33.06354
41.4797
38.73489
41.10534
51.02852
8.830342
11.24258
52.32237
49.05734
51.30049
47.79198
57.79991
57.9305
51.64041
41.63233
33.49956
37.62559
19.19035
23.05094
80.99503
50.38591
65.66677
41.41932
50.52747
22.89641
44.43267
45.44117
47.64346
10.82595
16.64981
62.49925
29.88626
27.982
54.85825
34.46279
23.39221
38.82541
66.51046
86.22634
26.46173
48.61128
38.9757
52.78293
52.8393
46.92377
38.26552
54.99038
28.70043
36.83759
35.52833
33.07899
32.39111
51.96498
11.18492
39.41076
40.71777
57.71093
41.26137
50.80711
27.20838
76.81369
49.30556
78.02288
58.98033
81.10057
40.22592
74.18065
50.96931
31.53559
19.50983
39.27363
41.56929
14.00485
15.04159
52.14241
2.77978
17.37159
48.28513
39.27563
31.83872
62.68817
57.41381
12.90707
22.32589
40.36646
84.45068
59.53212
38.0533
42.40121
43.24943
9.546742
30.66935
88.77964
33.10062
12.78815
40.55392
37.84809
5.466466
19.13172
48.43999
50.88282
58.12378
27.47934
72.83854
58.72391
3.858713
35.85426
54.71658
82.92413
62.57547
17.79705
56.86158
54.68558
34.3711
12.8526
22.62632
49.53691
14.32938
23.89623
43.61921
11.81576
38.68871
46.05108
50.20058
39.0132
44.36234
73.91423
17.52563
29.0475
39.69975
37.12955
64.43349
56.46516
55.98366
30.36533
35.68326
72.76037
45.35996
21.3249
52.79976
70.3496
19.78647
37.66092
29.01458
21.68398
24.18531
55.54813
57.8585
43.0771
57.37929
38.89449
17.25867
47.54216
51.10893
29.12476
27.54824
54.165
39.06626
42.47181
66.3126
32.97923
57.03232
61.51518
19.51188
22.32037
32.23278
18.6214
39.80543
28.96412
64.32387
46.91764
36.34223
67.5906
69.7184
55.68189
49.19556
39.83868
30.75817
18.17804
64.97325
7.556809
47.31988
23.94275
62.51133
21.31853
31.58929
36.3887
72.33331
51.92839
44.86452
44.70312
36.8642
41.87274
45.55092
26.98833
18.90109
75.75315
37.32597
37.63995
40.6701
42.35501
8.381888
14.93229
18.18769
37.20218
40.15248
46.15839
26.42556
40.96681
75.28613
56.30195
25.4896
21.41021
47.22965
49.21536
8.756557
53.12873
20.19167
36.21465
57.13292
48.12877
33.92816
40.79935
49.63985
8.827869
63.88668
32.28124
32.36443
43.64162
55.19394
27.04956
34.17368
48.40777
55.34855
37.01862
56.37217
54.31818
25.34847
39.69279
29.56878
44.40248
71.51224
39.46351
70.09171
46.20213
63.00565
40.34149
45.53551
58.58053
80.39156
34.43676
62.80237
42.46211
63.6804
41.38381
56.72027
39.28206
27.51987
13.81583
16.75299
51.84605
55.66731
45.38158
49.65356
47.69174
52.01418
14.99893
32.29939
42.13786
44.88822
42.00351
48.93103
39.06026
63.88589
47.58865
22.58632
45.40876
16.53527
30.81888
34.07706
62.05248
12.82037
52.5212
20.34094
43.11437
39.29836
55.42451
16.99609
56.24191
34.99933
30.89447
66.68821
68.61102
24.09858
39.91247
61.36102
24.01994
73.08259
42.88218
15.78529
31.23496
41.74779
91.86969
25.56896
70.93237
22.34673
43.36006
48.17572
47.87697
56.97049
49.64076
57.79474
31.88387
54.38799
38.72893
33.9448
25.85953
84.51076
61.35893
41.0416
40.80516
55.93539
11.78866
41.19925
60.74774
51.95808
73.2423
38.63138
34.41188
45.73425
58.91433
14.71916
37.97628
61.11774
11.23003
43.82033
81.57964
27.49956
21.29595
40.1731
28.24667
20.61324
53.72623
55.15152
23.71152
69.98974
97.7846
6.889614
63.62737
23.64387
62.41564
37.46594
13.543
21.04816
45.04003
50.197
38.24195
60.67832
32.37987
54.33242
34.50438
39.11645
61.30542
3.687056
64.30142
58.13267
46.24592
62.50696
32.16755
29.05313
50.60078
44.85194
41.96673
54.126
34.4115
25.50346
56.70493
54.9886
38.73388
39.4739
51.83036
55.63113
16.96622
28.63274
48.84943
59.2083
57.92693
47.39395
55.41658
25.94213
44.46881
50.04914
54.52884
89.08613
11.23105
49.68813
28.83624
60.1592
45.12841
53.95901
6.137798
52.55745
23.2628
25.84574
1.598243
56.76797
27.57648
40.73028
24.15093
77.9398
36.28256
75.03491
57.60127
42.75801
50.60365
11.7121
34.07502
67.72389
16.20804
59.17397
32.36352
29.29449
42.69256
35.25642
70.611
56.44191
56.30798
42.166
63.08482
57.95422
33.51233
23.60463
62.00128
58.92186
52.48895
70.76027
101.0613
64.66053
50.45019
35.81081
60.7572
25.96483
38.14996
10.30768
47.53698
19.88634
49.52154
37.05387
31.48724
46.4329
17.88548
13.24739
38.72573
58.13499
21.73567
18.0111
29.48441
16.30999
48.91687
71.79688
90.26786
35.73569
21.14058
50.53822
21.73009
40.17992
54.33599
41.41718
49.16058
27.57003
59.5705
31.5162
16.56469
22.38678
29.8325
16.03413
63.00194
29.48783
41.06813
50.67507
19.77542
29.88148
50.9224
49.39538
57.8176
67.94811
25.38753
22.55575
45.372
19.64212
50.8374
44.25883
39.50964
55.69861
14.72611
47.9121
48.41823
92.29182
35.85747
21.7477
79.31093
64.93309
52.55241
57.23521
31.62515
33.77244
37.87701
56.01865
79.36258
41.68416
42.12692
71.00833
25.39576
32.62062
60.44001
41.81111
74.64852
59.96008
38.84161
28.88548
38.75521
42.04356
54.10769
46.56876
37.53656
32.54993
33.28116
24.20473
31.47214
54.23102
46.50864
69.73259
65.90533
50.6248
39.68586
53.65827
57.26493
68.95251
62.6049
32.21411
70.62364
45.06809
57.11281
42.7705
25.40233
57.91177
26.61856
38.42353
56.56089
38.91403
94.39069
18.78855
36.6802
42.0478
41.97308
58.6806
42.66472
13.83872
65.36622
42.11913
30.08495
55.94715
37.03622
53.40571
40.78033
63.49799
46.23259
49.19977
21.06771
53.11942
70.83784
30.30574
61.04766
44.38902
58.30839
43.83206
46.26381
26.0618
67.05337
37.64395
30.01979
42.53652
24.72286
56.19198
43.60187
31.62031
1.340136
15.88028
30.55019
59.93623
46.31533
27.13336
89.1793
69.77712
63.58005
54.39373
71.42372
71.32613
29.61049
24.55184
33.08859
49.4609
41.11719
46.60671
29.02085
37.78617
50.477
32.60334
5.444664
27.76938
65.05314
52.21723
80.62773
72.00504
58.02314
8.31062
25.94943
22.18176
52.38651
47.56033
31.21996
39.21103
28.64652
48.60139
58.06229
31.64358
45.40255
27.86279
41.9373
55.10947
69.67925
71.47263
42.54579
38.65513
28.22401
38.45263
17.71659
11.37608
71.97147
42.79058
68.40043
10.51473
13.67796
73.9566
33.42153
6.283407
11.35111
71.70182
41.73185
18.96266
88.47991
52.6731
52.61919
42.60974
79.99724
70.1655
102.5291
8.284817
7.482055
25.68869
49.73239
65.45706
56.97058
36.43601
44.22464
17.13483
51.79074
51.94443
50.46912
52.52419
72.75178
36.88792
26.70304
37.20965
33.38753
66.33444
77.75657
68.48696
17.17838
78.03026
47.78527
35.17348
44.38797
35.22763
41.35206
73.47584
84.7874
68.29805
60.04648
40.38733
47.57206
78.66267
40.16837
12.18219
34.21652
24.22378
34.55457
44.81896
40.64453
37.97318
50.20653
58.36126
47.19671
57.26393
62.5875
41.59394
28.33333
40.95452
48.81333
39.06075
5.203532
48.31207
41.60184
53.46137
10.0872
70.76536
24.10964
25.12865
37.14238
51.88079
47.82714
43.84103
41.65022
61.11971
7.270908
74.49292
8.629818
51.72524
25.028
23.73479
58.67625
40.37743
33.80884
67.82745
61.75307
41.52417
50.08246
56.89198
12.29861
53.16441
28.16767
54.9002
44.79783
29.8372
11.59794
50.64038
45.60876
50.90587
43.53601
25.94317
19.04527
42.38628
61.8167
4.995576
56.71309
20.0544
15.84027
48.91768
91.35373
26.70105
70.05565
43.73928
22.76846
20.76429
17.74048
50.40125
76.69198
66.5813
36.38345
58.56387
17.58149
53.6442
67.53141
76.23825
61.60363
46.14155
51.42447
38.38621
33.26101
23.69079
57.91532
32.60337
57.0737
23.2822
0.7392835
75.2304
20.05463
86.33594
64.76097
22.11739
55.81431
48.9571
80.85343
80.27603
23.76524
77.87913
49.4461
5.72
21.76546
50.04321
44.61659
29.23404
56.42571
48.61681
48.35896
49.3513
52.39914
15.20625
58.06656
9.492115
43.28151
65.77428
72.06707
15.96107
54.2735
23.48256
45.67044
35.31565
50.37205
39.61203
37.96941
54.85114
30.32916
31.51093
19.29958
20.91259
22.42752
43.50377
37.80156
22.03002
17.56645
66.44956
34.142
51.99262
30.94562
16.43336
49.7085
61.75475
23.56354
28.25859
0.8350018
38.66783
69.42612
62.97154
23.93738
19.32833
38.83856
50.13061
28.39742
41.36391
12.41421
30.97109
11.84621
40.94874
54.41664
26.13563
45.91755
8.861529
52.59301
56.13778
61.71768
38.83981
39.07802
12.61098
66.10524
32.53122
17.99022
49.39696
76.57576
34.28197
44.95373
30.7504
19.73389
40.41108
37.79132
69.22557
41.37274
5.238226
45.94306
39.19842
17.67845
84.94513
44.0134
47.25572
22.13006
49.46411
12.51021
44.78244
48.05059
58.7311
43.47555
51.03985
33.51269
49.47296
42.48103
55.43219
64.649
24.63124
60.37403
40.93945
46.12543
56.93248
17.37957
40.32255
54.65725
82.09898
43.11069
25.43561
48.95118
22.02567
21.4507
19.15716
16.26269
46.82751
29.06241
18.76217
20.36
44.08143
35.94867
64.59854
42.19884
54.25852
28.79576
29.7218
25.37557
42.10089
31.55815
50.1489
49.03675
16.14756
34.0154
48.60967
56.52596
27.93322
15.70924
35.0083
43.73914
53.82374
70.73087
50.05612
9.170665
31.66017
26.59209
36.23258
44.34613
32.39563
17.32223
61.17249
32.99067
42.07838
49.17154
32.87566
41.92826
50.22032
59.30885
38.98719
57.15417
27.22241
36.87302
44.64114
56.12602
41.69559
76.64802
22.52024
31.16409
49.79376
53.34762
17.12387
43.51341
52.67846
38.94513
56.04332
77.50026
43.38289
30.31769
67.61346
37.24451
93.4167
26.79148
45.68845
7.833014
68.23727
42.54646
21.29924
69.1738
7.859034
54.2618
60.16628
36.3675
56.19087
63.46963
21.59009
65.93234
52.17206
67.16028
78.35214
65.01858
41.77969
35.63105
55.32241
31.19997
35.95045
33.61578
45.20901
41.26862
52.62653
70.5897
38.73322
58.12538
28.26658
13.74004
59.15706
50.24907
31.66595
62.45998
73.65596
39.92046
21.93815
39.08801
60.37896
63.46138
16.78886
32.45792
50.33903
6.038769
36.19191
92.39299
63.4324
49.05168
18.65542
41.27596
9.325611
85.00299
28.38038
56.03387
39.93585
37.49601
38.87906
55.67862
39.97113
33.61065
22.80571
25.69287
65.2415
36.14117
47.64745
42.75806
31.59522
33.50721
72.55092
25.86672
32.07737
35.45517
83.4051
59.65668
46.88953
44.28585
54.48072
66.7287
56.63341
29.95248
54.99885
37.88607
32.72122
34.28572
68.9606
34.94083
23.06829
72.024
47.12294
13.89924
10.56409
30.627
34.41256
43.2295
31.30241
58.04934
69.37835
64.28091
21.28446
42.48338
48.99915
64.78015
35.18218
52.64433
8.152456
57.33515
26.09227
24.39015
52.8135
33.21517
31.42307
66.80721
35.45678
58.59671
20.55809
14.94288
19.54589
40.61522
43.98748
29.75564
44.80702
26.37743
68.64209
11.44477
35.68089
50.55529
66.69794
27.00571
46.99398
54.78273
39.66283
29.51552
37.84351
53.03954
50.97412
69.60344
41.16865
12.75959
73.38222
28.43911
31.05849
63.50629
25.19118
55.48233
60.77504
66.44234
65.07344
44.11934
82.69844
50.02465
26.35169
60.04515
33.6102
53.32664
18.55118
29.13176
39.7624
38.95151
53.14978
51.241
77.32629
47.48661
30.62837
29.24161
90.75483
39.96075
29.84377
48.14167
34.06085
50.65742
42.61593
46.39573
49.59632
19.10958
41.81351
38.40857
38.05306
35.61987
31.40389
41.47457
25.91468
62.39586
26.30082
62.93992
55.68207
25.37306
74.09075
56.29907
24.73386
40.5717
31.78671
23.01781
57.03163
26.85761
29.39391
17.15528
49.28695
42.05751
53.70177
50.54394
25.68791
37.02333
22.03249
8.219316
13.95352
4.732098
32.95499
37.52182
37.892
35.4916
38.37855
21.48015
26.36342
41.37603
32.17849
41.50403
85.86489
50.54086
48.56565
57.1882
35.99753
62.0648
56.98379
45.56299
16.578
67.62851
36.20542
78.3297
69.57699
41.28973
47.40105
25.54124
49.82664
19.83583
24.98923
47.05571
40.1221
35.52091
61.36253
41.41958
40.15529
52.14767
20.1564
51.54314
30.63823
41.81305
55.0003
40.61776
65.61967
50.34792
47.24393
36.17053
44.09006
74.3702
43.71501
34.22905
50.43541
18.80662
33.62766
9.846659
25.97724
23.59093
43.91638
39.44319
62.87188
38.39917
25.94926
38.66795
57.32294
29.64426
37.90618
31.75704
44.92701
84.48954
61.57741
38.41986
51.43273
49.25452
11.83036
85.9644
33.20912
34.74542
38.19275
57.62354
38.04495
26.79008
18.50459
36.97209
58.62542
46.50787
7.605185
35.69568
37.47278
30.21605
54.48663
32.87145
51.01894
16.21362
57.9461
71.51366
37.38886
16.20388
33.23242
30.04947
27.0759
41.00132
88.39911
53.01712
63.48612
38.27669
34.86319
65.48829
55.29489
31.56944
46.81855
50.05407
85.25166
17.37533
86.16498
27.29367
33.90042
59.18205
23.67645
26.73584
103.8855
82.96599
41.92833
75.2357
43.43184
51.77568
55.34345
59.16302
29.02674
76.81449
26.30123
8.180967
58.38603
63.10679
43.56792
49.19809
85.93226
63.63891
64.259
61.07906
35.09971
51.83899
37.76466
34.39094
54.68347
36.71581
47.02541
38.12136
42.61575
15.90831
52.5401
56.93527
2.532655
42.70268
40.64459
25.62846
42.14094
31.04155
22.81238
46.962
37.06008
62.7214
6.383604
49.42753
23.32269
36.88694
29.82165
44.10837
24.58041
50.8405
46.60998
73.00389
62.05432
44.27883
25.64531
15.62224
84.29621
39.23725
37.2824
65.1582
22.54397
30.9068
37.73303
31.11153
54.45074
5.611203
52.04395
47.1279
59.13029
54.28699
39.26702
34.40285
38.56049
28.72518
46.06784
58.78425
35.34434
51.25098
33.50412
79.97787
47.12544
36.3023
43.70865
35.25618
39.33468
84.27902
90.95678
72.91638
49.75908
24.61262
71.28947
24.55244
36.67516
81.41835
18.88711
46.29013
36.35226
10.47678
70.87735
69.54952
61.06148
49.82125
51.86831
32.33854
51.14175
3.825801
13.75495
21.15583
59.58972
3.446969
43.25
62.94667
26.66813
36.83142
45.7076
17.86963
40.66571
21.30994
25.09437
69.16271
46.12696
23.51346
64.20764
65.71176
43.87592
48.68029
9.560812
67.68932
39.56751
12.08324
52.50947
50.99266
46.6835
49.21127
29.09399
58.19179
27.80466
22.60877
39.61455
40.71509
35.5756
85.65175
69.70241
69.13077
28.82229
37.70294
20.87598
56.09359
29.20868
62.82654
48.02068
44.46326
33.24633
58.79718
26.69941
48.60402
38.95443
64.84752
48.15018
50.1985
53.38786
39.94513
23.88246
73.16877
45.74801
14.44964
38.92159
59.001
67.39324
25.72105
44.37304
74.46626
65.1819
2.445096
33.54169
62.6249
50.71117
77.46235
27.4882
54.44849
32.5033
66.82551
71.86055
7.063995
12.29792
11.79376
19.31836
18.20053
35.77646
53.58173
40.43184
47.212
50.90584
45.56542
61.82881
42.48649
46.10543
46.91092
33.27101
32.86588
17.65788
47.88506
14.1222
20.6809
38.83367
47.72242
45.94646
70.37265
15.47127
53.15783
32.34279
35.32264
59.65909
36.7897
67.4535
41.42338
58.18445
25.22349
75.03517
67.86085
57.53912
57.12584
15.61372
24.98621
21.14243
33.40972
60.8428
46.573
63.90134
26.3879
40.36535
69.16305
48.52647
27.25707
53.97134
68.94705
36.54465
13.61947
49.60094
63.45763
57.9965
8.056229
53.50143
39.56245
37.13826
39.34398
49.1058
45.42864
63.08788
54.26025
4.608448
71.84591
36.50742
25.15667
54.85242
70.66868
29.41268
5.729629
47.97986
28.61606
50.89934
32.02569
46.84017
24.33499
68.76058
72.8871
39.37929
52.38404
58.51665
53.46329
32.53996
26.24867
33.37022
16.83189
41.21867
42.11117
60.66316
20.61844
17.60233
45.77739
55.49076
65.11497
34.48086
75.08219
38.80473
43.30609
10.9524
50.15615
6.422602
94.33189
17.85845
11.413
64.09358
14.43172
38.62622
45.73757
51.86785
36.70836
39.70993
69.2968
47.1153
40.62961
47.03341
42.13416
33.90446
23.74684
43.75432
18.96234
71.17693
13.944
44.16546
66.18386
63.94438
50.14579
54.44019
34.5687
68.60038
46.39122
22.81037
33.90735
57.76283
53.21169
47.11795
16.23311
34.19256
58.79885
50.82164
49.20862
41.44296
11.46529
26.33943
35.22575
48.63769
77.18163
46.15962
38.90356
51.26813
18.11766
33.82248
54.27147
18.85038
53.69145
55.94328
89.65257
38.43276
41.27014
30.71084
76.54393
51.43206
50.78941
62.37682
24.29525
38.229
16.59483
41.56171
42.89737
28.88286
0.9140832
31.73703
71.94812
43.76717
55.29518
21.72623
29.18641
27.90115
22.35228
33.2016
74.99923
86.59803
36.64675
23.52121
24.86368
29.44798
45.82564
36.30093
38.93587
29.82208
48.70107
25.84615
36.30383
27.4543
81.03359
62.84357
37.05588
9.144532
28.90308
30.36857
36.56306
0.2210646
58.12922
27.45333
44.34262
23.03014
82.52174
27.45802
37.98924
60.92315
65.9879
43.8627
19.59309
50.20137
39.84871
41.7053
48.6222
43.60506
29.80548
49.26382
17.36938
71.48302
44.3797
37.99377
9.698477
39.92381
35.99182
29.87379
61.01905
40.6768
37.8767
46.30532
42.11374
63.21159
21.73366
58.6963
51.92758
50.3928
33.1866
17.80336
53.42614
15.75107
19.37618
18.16398
88.13034
55.35789
76.78801
45.17844
67.19409
9.756745
49.03826
53.11597
26.02632
58.91259
51.15466
32.12991
51.3187
17.48824
37.46839
28.41649
22.42427
25.48183
47.30411
10.11793
35.65722
45.83768
46.64341
69.49177
48.67631
72.05305
38.04187
28.41092
33.34609
87.54195
64.39325
38.03557
42.96832
47.14663
56.0332
38.65644
52.96234
27.25974
13.53784
64.74347
88.7183
44.44485
54.73502
40.52129
35.25759
43.12997
23.58623
93.48794
35.90341
30.40212
60.77319
86.05928
54.50724
35.61117
30.7101
24.80005
51.8557
26.52839
36.12386
34.99713
12.49224
32.81154
62.12188
29.49768
31.35917
12.69776
39.54002
50.7662
32.16937
54.55869
47.99313
31.49047
11.92404
76.91836
31.06429
23.4833
34.96593
37.55349
52.49674
7.378333
29.71937
26.44766
32.65856
66.24875
39.43678
67.21162
9.651389
40.94901
22.25315
43.18538
63.90775
69.8903
20.2108
43.49946
56.99815
26.28854
40.75492
39.87001
69.15415
65.57599
72.92393
49.63456
60.55559
55.9202
43.87632
22.04374
42.96778
72.19152
56.22285
44.50256
28.82401
59.90212
49.54342
53.05653
60.72948
6.87278
16.82702
11.02435
60.43674
35.591
38.56419
48.79534
41.32947
59.54418
31.5199
32.96435
1.858585
30.90049
25.57376
28.53166
36.14426
42.33134
48.60255
96.98501
71.04204
46.48651
33.21777
83.27597
41.53245
32.12481
72.29858
12.56863
41.23898
44.98874
24.71683
77.86787
27.64152
51.82926
37.50547
93.03769
14.50535
54.6288
34.16314
72.82469
59.5462
31.88682
62.32794
55.94218
67.89605
25.14671
23.842
20.47581
52.85801
14.8807
40.11452
65.46641
19.99378
36.76996
32.07127
15.78069
35.05847
28.98714
23.64483
41.39871
19.46581
1.178242
16.46449
52.27387
38.35252
56.4905
17.29946
9.145828
33.33527
39.22961
56.2467
37.34256
53.28119
68.888
44.98382
18.79969
67.20913
41.40298
25.63776
14.04957
73.09939
37.77889
26.53019
52.17515
3.185374
20.43498
15.81387
59.82048
53.4162
36.28724
74.15349
37.27161
77.76775
35.91195
35.20024
32.69325
0.08784286
47.80576
10.94362
36.22615
55.38345
10.17444
20.11158
28.56057
84.64757
23.10836
64.75921
47.85059
26.34439
49.79866
32.85079
60.4205
28.58693
33.53958
74.77747
55.3081
35.62138
85.56167
37.86298
29.9467
62.24692
62.07404
26.86199
43.72665
28.74452
12.89565
39.46513
23.03949
77.94917
14.81829
89.07958
19.55074
11.83139
63.85518
30.58563
36.82149
28.0689
24.82878
31.16009
85.62019
30.91927
65.64525
37.41003
62.58102
26.70927
93.74055
50.85527
23.5715
37.57409
76.00614
36.93898
18.0935
75.80403
54.82959
32.92859
34.24835
55.31595
78.86321
46.71873
31.7119
76.11365
48.01187
16.60204
55.48657
49.67577
45.9781
25.69812
39.03533
42.6765
27.6453
75.33963
7.270694
43.29598
45.50077
83.11275
39.19703
35.42474
15.62891
34.84638
12.21712
43.04126
47.95659
19.2214
99.26346
33.61509
27.42601
46.45742
36.95854
65.84418
34.2321
50.42529
77.82145
59.61554
35.10507
64.71262
39.86037
94.86565
68.58088
59.97651
37.82608
25.69999
40.47282
61.12862
23.15228
30.10722
47.20647
69.45038
44.41536
40.21564
16.53442
32.48884
82.60301
44.52972
60.44966
33.00697
27.21153
66.38436
14.19683
36.76545
39.51249
53.23667
46.11228
28.19096
15.0766
64.4374
73.84147
10.1454
29.27963
39.43422
57.04102
36.21105
51.37049
76.25171
81.21086
53.64493
26.76032
27.33498
69.14794
60.91552
32.01704
35.71026
37.90696
23.65371
49.14881
64.951
40.32214
21.24448
28.44499
47.41772
48.67426
44.39089
21.76694
50.3793
45.65803
45.99847
61.67136
55.55007
56.5051
18.05632
33.33189
42.47537
57.69391
46.44509
59.28534
31.29823
47.59825
49.58592
40.48792
33.31876
61.34581
38.98378
51.72069
17.81077
44.27329
20.99615
37.14723
39.61651
48.98421
71.01037
31.91779
25.69897
20.49251
37.34931
37.16615
33.56874
75.73733
60.49033
44.2395
52.63723
59.00977
55.00343
51.28187
43.43717
26.15025
29.52904
23.08656
29.70286
39.00492
71.21621
61.72088
44.63768
13.03603
14.0845
15.13126
21.52023
68.45015
47.46146
47.7065
38.92819
34.65363
28.87643
72.10438
66.67965
52.7003
35.54568
96.75157
34.87808
30.41512
0.7458036
67.3848
41.73192
21.77825
39.98196
40.86893
50.82259
66.57711
52.95823
51.0813
45.57104
51.86254
24.86625
56.73567
25.42152
32.20327
50.32933
48.64041
13.02227
27.49783
50.20092
19.27712
34.7599
30.70348
17.33338
14.46932
16.40506
34.49342
75.40605
42.7003
30.3933
12.07393
74.54391
31.98502
32.75334
40.75937
30.8735
20.11364
57.36189
49.36682
71.48274
58.67522
11.33076
40.88859
56.65
22.94801
47.81629
59.01824
50.5035
32.16391
18.67046
57.80567
24.54165
34.77653
16.69786
47.58028
51.53163
58.17399
50.65245
32.15321
51.33197
80.18988
72.47464
7.386489
48.13707
21.07025
26.52165
50.73994
50.84652
77.06842
46.46692
32.72163
22.84481
27.10605
52.38172
50.29881
75.93127
80.21839
35.03017
68.18002
33.41654
57.40759
30.83159
49.06195
42.27933
69.961
53.50756
74.59845
31.18775
16.45821
50.14397
29.14287
44.43316
55.62925
86.085
21.05682
20.09898
53.78254
53.55138
38.24864
42.47501
68.1722
22.63018
49.03273
44.4928
36.905
58.55689
52.18852
31.33873
54.46156
34.56722
52.81514
61.48437
40.42698
70.81501
21.15691
53.8022
73.70669
13.35112
70.76637
9.312435
26.90631
65.31524
9.235802
62.78942
33.45525
56.93432
60.47655
35.45366
54.44971
63.71444
23.0958
51.08032
45.17001
24.79539
58.96493
17.99141
52.49262
25.51334
3.102716
49.16999
44.88199
60.05979
4.515943
46.61271
53.44038
23.70213
55.65353
48.42742
58.03368
20.66058
52.89519
26.62075
22.74834
72.78282
74.65733
21.10636
67.62532
43.55293
34.20305
60.52076
94.28671
33.51825
42.4844
59.12362
50.52556
43.88177
38.39176
64.59352
29.10249
12.48028
59.44397
43.29344
63.04398
45.08762
18.50259
59.58381
61.92444
31.30775
46.223
46.91493
50.47541
63.57193
60.36464
48.62443
42.54335
92.86198
86.51362
8.247094
42.78834
77.45512
30.3126
95.08664
66.26708
63.41196
58.13753
28.58807
47.13909
49.29719
70.21125
59.90738
49.95547
31.87582
53.75165
40.02901
37.98816
62.54973
31.63305
63.33625
39.53052
4.904809
18.17993
49.91373
71.01295
55.84644
49.80595
60.98537
56.96918
55.19376
38.15906
71.87084
25.08443
78.67936
28.84551
29.82065
51.5931
46.88105
13.40587
24.47468
52.29679
34.65841
70.08481
36.95535
30.28179
38.88526
12.59861
39.05725
38.86542
45.72679
36.11873
28.92847
43.8186
65.13418
69.87986
55.50589
70.03908
40.35493
43.54194
50.295
46.49645
65.34087
68.91484
40.87333
40.50025
47.52686
31.93679
12.38521
57.09449
7.353134
38.30822
24.7859
10.94892
27.6512
30.32275
28.163
39.84879
64.03683
41.08931
29.82306
67.72372
81.74188
50.89273
30.14217
56.0485
66.29211
59.9313
59.54403
69.03452
61.80512
37.12846
47.8566
21.77042
76.89256
60.5079
47.21485
54.45475
73.62577
46.43153
38.65231
31.13723
45.0339
37.9907
30.47538
24.44151
74.48143
49.02016
47.7089
58.18425
38.27215
55.38791
40.35239
64.09532
21.23783
40.97148
28.08656
48.69033
38.58179
36.01156
7.494746
56.35377
47.03609
66.07781
59.14801
40.68841
38.06526
10.12682
37.96923
21.9378
28.93008
51.48911
21.6431
52.09614
54.56191
43.39341
1.26011
54.51009
41.56105
18.92273
73.96867
30.50102
30.58329
70.04306
48.52119
48.80949
26.38826
44.58477
31.03334
17.57336
60.12258
18.74686
30.15774
27.92117
30.3034
55.81352
10.58875
49.55513
14.74865
39.72185
21.48881
27.18241
49.70935
54.89622
30.29024
32.76129
57.20336
62.19949
46.53375
45.79409
14.4595
58.41062
68.46225
39.13621
41.19644
48.66114
61.88378
49.79987
37.21519
53.22766
31.59412
4.789821
52.57948
48.65451
83.58776
37.18172
48.0305
43.36102
31.58975
46.43923
49.32473
3.851509
32.05631
27.40971
45.82944
42.24764
47.7349
53.96898
58.09334
43.23387
37.49138
19.3009
51.6066
38.75161
59.91848
29.80348
43.00395
37.44074
25.72244
47.73406
38.79264
48.68494
22.72697
63.91409
26.89451
20.13893
46.1012
60.4096
82.23516
18.09979
34.91365
43.38663
32.62037
52.55166
47.12193
101.9023
69.884
6.17266
34.24541
65.69524
23.84068
52.64526
58.24777
34.34006
44.74201
37.0412
72.69316
52.55854
18.98665
35.5105
28.5978
57.97053
39.54472
29.86369
38.44506
19.67243
49.85882
28.70313
24.80469
46.49721
26.13876
28.73757
51.01405
91.56331
33.8174
51.63633
18.8508
46.58882
15.68089
48.0138
100.845
23.66939
61.18018
35.33233
41.19828
55.50939
68.76024
56.96552
66.25329
87.2423
51.05916
95.07932
96.40479
12.963
67.01753
60.16532
22.8996
19.02397
39.26697
61.42171
52.37905
42.29712
22.56029
19.50294
68.52209
0.7785116
13.63292
15.45818
35.88836
56.0979
26.14936
33.65963
6.912809
33.57534
76.41371
30.37119
34.73488
21.7145
32.87489
23.74865
71.27749
21.0228
41.99385
24.95969
37.55007
46.37985
68.96538
59.63644
13.78839
48.05354
61.11804
27.8448
48.976
50.44601
20.55077
15.49323
49.82179
60.46546
42.09269
15.89198
35.19765
31.54132
37.20155
31.28043
48.17389
37.67412
48.16954
13.12909
43.79818
55.95571
35.39481
13.97216
16.1093
31.08818
67.67741
48.13836
38.1907
53.47834
43.70173
51.7451
9.116705
71.22719
51.25695
51.43834
35.86715
53.98114
15.52298
38.12697
27.9532
66.90563
50.05354
19.43755
55.00114
32.71954
24.4248
46.18663
39.83114
78.80551
69.13347
40.99895
67.3566
51.03461
49.41988
80.73828
74.83769
10.59693
34.66551
20.04574
57.5879
67.34639
35.51374
34.22755
55.02935
44.93293
43.2951
43.83549
62.4949
58.92359
33.7817
65.74042
15.21243
38.04443
49.32772
21.19308
69.47878
79.48997
27.13865
47.13797
19.50065
58.41593
56.43486
29.93685
69.5783
61.98951
37.99367
44.97857
66.77411
42.91745
77.33998
67.90503
63.267
21.88118
60.90551
51.75648
85.74001
53.21382
38.21086
29.67842
73.24999
64.90684
45.67279
33.21116
13.17979
82.61296
29.05564
30.2826
66.86547
67.36089
71.88246
28.75302
49.21322
29.62257
80.14231
14.30962
85.06433
20.30211
52.32145
20.40485
14.94364
89.42355
9.073635
38.12682
49.59205
55.85754
33.55165
27.09732
51.13189
68.19232
10.33188
42.33886
43.00847
35.63604
48.58754
5.006389
37.22223
30.3944
56.78412
81.79821
19.43508
36.88117
40.76687
49.45074
66.47218
44.39499
70.16824
64.29161
24.42704
44.732
19.07033
51.07951
27.01862
26.26122
57.50445
38.19567
45.20979
48.96578
14.9478
61.8708
67.4043
21.8649
95.88536
37.96345
59.01289
65.79544
32.97073
46.01147
23.61658
4.494376
7.034907
21.22321
22.83542
21.6892
68.56187
53.18463
28.75524
23.90687
43.73072
54.4413
36.26583
66.43493
43.38626
46.40239
36.9724
47.36119
42.08724
43.2936
42.61038
42.19441
53.84905
50.71458
59.90552
43.24245
48.40593
74.94615
48.3898
25.07523
59.72024
81.92263
23.42289
24.60258
59.7233
58.50458
15.42212
47.94317
10.145
33.24595
57.79191
32.7536
22.22871
36.13701
65.95208
56.44025
10.76872
27.46289
18.69094
1.098849
26.35982
34.95952
53.61913
62.77994
42.07226
10.92134
44.051
30.88425
11.36743
45.46387
39.76894
33.30814
54.45652
7.232577
13.58288
56.86779
10.05362
26.5003
5.428275
31.70149
35.03292
29.68411
29.31175
14.84573
26.29035
30.50524
48.11645
37.63839
30.08705
35.20715
60.43454
13.32828
21.84516
25.46993
32.44901
35.89309
79.38771
32.72183
58.47069
10.02118
50.38751
43.50103
11.24381
14.1961
28.17442
50.84947
12.96632
12.59754
39.97901
48.54767
58.90216
43.59549
28.50677
66.30205
33.61746
30.66865
52.64245
46.21487
33.53524
34.96463
63.66176
50.6735
76.19471
11.04398
18.60216
80.99653
3.139636
30.57707
55.61657
58.33653
36.83398
100.0328
81.74994
21.10262
48.09749
10.75264
51.73586
18.50667
37.31062
68.77395
41.36601
41.06794
56.87727
43.85649
37.47892
38.89266
12.59072
22.98789
32.88037
58.61765
14.99315
15.97778
82.31887
71.32721
26.5279
45.17581
30.32496
49.08919
48.81774
66.51341
24.67623
53.23196
26.3919
45.36407
36.73663
31.78204
51.07478
10.30532
19.91325
58.14986
1.21352
26.94586
23.1352
51.10927
33.73963
49.47401
47.85777
44.96998
89.56788
5.572646
59.29888
29.86534
36.04916
25.7754
18.0965
4.686849
52.26924
32.00646
34.25517
56.38428
42.56176
95.13666
25.02674
24.25712
10.93716
32.39633
38.13291
32.27893
85.28935
57.01691
33.72553
13.84216
15.6133
40.48106
39.32194
46.35873
32.41535
74.16195
42.86749
59.98053
31.7085
15.78871
55.30902
49.11132
51.16705
55.66394
34.30467
36.36146
22.01958
50.94122
28.89377
35.81687
29.537
25.13163
41.01239
33.11181
42.12115
3.543917
73.77061
72.63946
57.29821
12.52161
65.58827
29.27139
70.73138
55.87118
77.8316
49.28917
3.909868
58.57133
41.62267
43.81216
39.24103
70.96369
57.82968
34.38482
38.27289
18.13711
48.86802
71.327
46.50521
17.78842
48.88298
62.43755
31.00616
37.54034
58.74992
41.06341
58.33186
40.66338
44.30471
37.05666
49.24238
34.87627
53.56344
22.50197
1.18235
29.06585
50.00571
33.81603
79.03767
23.62779
59.64246
85.2621
40.07275
50.36808
27.67956
32.07332
42.31201
47.46531
42.43416
40.40448
44.55935
51.91944
38.13956
9.576788
13.50712
45.55508
27.60582
12.36708
43.55408
32.89579
43.22045
33.51104
7.739247
33.47287
62.23005
43.94299
24.6543
41.12033
8.566912
80.09807
57.20573
64.84912
47.41202
42.38105
61.56923
41.88442
43.91321
19.39032
6.605397
65.94516
55.98873
28.21657
56.95921
45.94453
28.77458
36.78018
27.33063
65.10674
67.7522
44.95534
36.28356
52.58072
30.38623
13.09022
54.08835
36.73237
69.55286
63.65763
35.88251
51.1308
84.6984
76.06219
45.97893
46.24341
60.4781
30.66084
47.19499
2.471524
74.10136
38.37954
53.86521
69.94777
50.48727
45.00162
8.767187
24.81301
55.6022
77.60839
46.94966
52.88123
45.48141
33.79528
30.98746
59.60203
40.66713
37.42172
49.02195
45.72632
43.42591
62.51532
76.11083
32.8297
49.77667
18.9499
12.24439
43.55507
21.7357
61.00038
62.84447
69.03022
41.9872
33.22591
44.51817
49.58995
68.54672
35.58674
71.85043
45.55927
37.93413
42.19326
16.8582
35.42223
52.76483
48.37433
28.60826
71.53511
51.97834
68.10879
64.02582
26.47136
51.83038
61.13313
47.54132
49.59896
41.10504
43.3254
25.10757
36.44956
29.68821
69.5023
24.31837
47.9254
33.12947
29.12596
18.6353
37.25002
55.70998
37.1861
24.78351
45.27658
14.45363
61.30784
50.55502
44.81214
40.21231
31.66569
42.35021
69.89063
34.72687
27.72212
57.49549
75.68083
30.19452
54.41699
32.3552
49.26239
49.52926
16.75485
68.3619
50.89593
52.13181
60.31417
87.21023
22.54303
65.84203
42.83199
60.05657
51.25915
19.30273
39.49743
20.04772
17.04543
38.76336
58.5384
60.00731
26.97283
48.23735
38.30006
67.64051
17.64715
56.49604
52.7715
65.74554
34.67351
12.05649
49.32973
68.39716
21.83859
57.20562
70.89059
32.60182
68.59705
60.99782
38.53977
21.1066
33.37279
59.62175
59.0094
50.93177
31.61275
89.93803
44.83189
18.51405
41.90277
44.06948
50.78079
48.10733
39.69842
36.64559
55.88727
18.68961
20.23709
60.11017
24.81187
37.36893
27.84354
5.720208
57.81039
37.29566
27.92948
30.54179
45.64472
3.160738
47.53434
43.49955
59.94223
55.25058
56.1965
16.97438
56.19251
21.04614
54.04327
46.0941
60.15265
75.9764
75.93448
58.65775
50.36391
23.59736
53.89453
39.2639
87.17736
59.29695
42.06203
52.94376
22.04919
55.72888
71.29569
36.73482
50.62061
10.61988
30.29366
45.80581
54.10365
75.16381
27.43193
39.20893
38.69132
54.90804
63.45907
24.07443
61.67434
31.20165
53.91368
47.51259
31.78921
59.30603
33.63705
34.67734
52.89672
53.5032
38.54156
22.91919
35.73341
75.58525
22.97647
50.5418
78.45249
39.66328
51.3814
44.20324
50.30443
77.84375
50.28014
31.37928
77.57414
50.08822
8.000987
48.6229
18.69729
47.38326
31.27569
35.42028
56.42228
49.38523
38.9011
49.16636
23.98208
15.50023
33.41712
7.79842
26.20128
73.7767
55.32338
60.94353
25.89724
8.816317
36.51678
22.7161
33.83617
70.3667
62.64375
60.5636
42.83966
51.82748
47.64933
36.66691
34.40343
49.2834
56.87375
19.18192
51.9465
64.12183
45.98457
47.3766
7.447728
34.68704
38.98112
48.31614
29.33701
45.47502
1.326679
45.39961
49.18442
51.89455
30.53057
46.95133
32.70542
47.38197
44.16139
40.43492
40.9304
59.63848
16.86369
47.54757
46.34933
71.87006
27.18109
45.53499
41.73054
65.01239
59.17501
55.3949
42.72325
20.79617
66.23956
51.44557
78.96151
20.64729
34.32952
60.97364
23.10376
50.83298
50.11473
46.6933
51.1456
46.53113
31.08257
26.44855
16.41312
26.19241
29.71532
62.22033
77.01576
70.91576
60.97557
14.9906
32.01825
49.178
35.91126
44.49307
78.12714
24.18919
40.52094
39.32941
41.85101
66.73903
32.59947
55.78156
49.1441
33.0896
38.18958
34.823
48.57431
47.89084
12.58518
68.94544
66.08238
59.51164
36.94596
27.65579
25.05222
65.38365
63.1825
59.77846
29.73624
42.59404
59.39071
75.73727
30.10439
64.0702
53.47816
50.72375
30.62768
47.16766
34.46728
54.25628
63.92625
41.33324
36.1355
59.77628
57.70334
32.09949
64.63621
18.27363
55.7556
37.47159
22.72824
78.70282
46.07422
22.11162
82.78804
40.35291
60.34818
77.60716
63.4987
42.16884
15.96207
65.98658
25.63886
35.6346
54.03507
43.67312
32.26593
32.98313
43.9816
66.84603
58.39402
45.35738
40.21311
25.92704
33.4306
65.95716
49.65529
83.8824
44.40143
79.30722
4.064933
52.23044
23.97375
15.08544
37.51754
39.74596
12.49633
59.01685
47.91906
30.0198
23.67122
44.74441
13.03733
59.06162
38.50142
11.59956
25.90992
65.53966
30.71411
34.23105
44.15563
13.87301
32.77735
45.1473
46.08363
10.75241
45.83962
61.85225
42.21281
74.31166
62.52509
31.49061
48.75692
45.6616
55.89686
87.2544
51.25372
38.96213
34.7397
63.35184
67.16203
68.76076
43.16806
44.62098
50.46357
29.55762
60.80897
52.23953
58.11509
48.44006
38.50004
26.10586
22.90457
19.9224
39.14058
76.16482
45.4999
36.27081
28.38982
16.53038
40.78078
54.47206
38.82606
85.91988
11.67728
35.32301
22.3219
45.02891
66.30623
11.14549
31.1533
23.52125
11.98791
70.71805
81.01937
76.96074
45.31072
15.69034
40.95452
76.00537
46.75322
75.37191
21.73139
45.43819
92.88608
43.16008
38.53218
38.09783
33.0359
63.2577
59.10651
53.1635
35.69026
88.67178
32.10782
61.56005
58.20947
92.60514
32.55873
22.63409
56.43907
57.00716
39.59829
66.58264
60.37164
49.48378
28.46531
61.42649
30.33067
33.86082
57.60596
43.28779
24.09405
51.30165
46.45136
48.16622
41.30417
48.29246
37.61748
20.08913
37.91728
50.29054
41.96855
14.12875
33.62986
50.54572
35.65786
82.88995
24.03259
42.837
43.95222
48.97573
55.71495
64.70388
43.90128
58.1194
31.72623
24.14058
44.49716
54.04446
22.3106
26.36281
47.57588
48.22787
68.0298
54.5353
47.55879
51.90044
41.48657
56.16298
45.09114
50.03281
30.90578
20.89384
35.57225
68.88799
27.93393
43.94606
36.27785
49.36705
57.3414
53.69014
70.1761
59.2612
48.60036
67.1264
87.30708
51.0559
46.10545
18.32183
50.42369
32.76532
64.92615
43.99692
43.07861
54.73102
33.93609
27.28275
5.969735
59.83995
56.72014
39.93745
57.26538
44.52728
18.93698
68.91413
38.26328
67.21613
58.4391
14.40013
25.50431
19.92123
83.22876
45.31306
14.66168
29.81521
44.83614
42.36066
36.53419
70.00701
49.75344
38.72553
44.72665
64.11028
58.72567
38.24177
59.00891
32.71579
70.80848
56.64517
39.2268
39.72573
35.62816
25.989
63.90055
68.10763
34.3486
22.66362
72.41736
38.80295
16.05451
25.73658
72.09134
53.71491
16.31826
61.89561
18.85826
49.93663
28.22434
18.75351
74.69851
31.79986
37.86197
65.92827
43.63139
35.94141
61.25585
48.99114
59.56742
76.31103
58.59305
30.03387
40.89572
59.88925
70.49885
43.70422
57.78235
55.81855
46.01435
70.88129
63.36915
38.40954
76.69018
5.054457
31.2014
28.49345
47.81774
65.14132
37.28486
24.24978
45.51594
47.75521
12.46179
14.79814
29.03072
29.59423
59.95037
44.38912
58.97427
49.0521
55.14708
32.84248
52.42957
42.0437
57.08731
34.36598
34.42927
32.0483
28.1093
36.10184
41.02077
90.79684
32.78654
52.16208
29.87308
69.58534
44.4034
65.05274
61.82263
95.91406
64.66537
30.79421
66.6414
45.86099
29.09
53.25551
57.22118
83.92242
4.445044
55.82669
32.24445
33.16943
48.95502
66.17637
50.8208
31.16484
34.07865
20.28677
37.99679
30.86945
37.74398
69.86933
32.69635
56.69255
51.08286
60.82903
54.03589
20.21405
26.57694
33.11554
58.48998
20.48793
25.95227
66.01492
26.87586
40.1817
51.41173
12.13398
38.70731
58.09397
28.64356
26.07493
38.07499
76.76676
32.55939
33.98329
14.8884
35.77622
44.69369
49.21374
29.58455
53.29338
21.58357
23.26887
74.76202
65.82553
51.63667
37.10974
36.89593
39.20265
18.5413
38.22438
69.72608
76.5386
12.1033
66.27128
38.32634
14.94091
3.090945
58.3209
62.3127
22.14479
43.26109
42.31118
45.56481
3.272298
80.3197
42.97096
80.014
34.79641
41.4299
26.76903
42.20986
59.37483
54.26366
53.96905
16.47697
61.61542
36.62843
18.73094
31.31236
38.88641
45.17248
14.50518
75.8675
63.96258
48.24335
75.34452
24.81736
43.15687
19.91375
23.00822
68.93853
23.66193
12.67913
42.54047
63.6801
11.0828
45.99762
73.05105
48.72863
65.74321
69.7474
44.96728
39.71293
64.93854
33.05927
35.83154
55.40583
53.85939
39.47306
45.15262
32.26266
81.8229
17.47988
7.737054
66.65589
73.14894
38.93506
11.47642
1.28698
62.2158
69.63582
63.98596
24.87427
58.87197
31.69273
36.39796
62.95755
41.87024
33.39632
82.24114
18.05755
60.66454
37.68228
44.94909
54.6308
33.3319
51.1615
30.06441
42.91938
53.7703
44.04076
47.84729
30.18217
33.89963
33.10642
10.27585
21.6394
55.77124
39.44119
26.1536
61.76702
37.0678
25.15799
13.11191
31.77481
28.41605
55.77804
63.3799
60.79308
41.24886
30.6489
54.92862
28.79635
62.1711
19.14095
49.42475
38.82276
54.17862
33.63526
59.63018
25.98619
1.040349
32.71627
25.94001
57.95976
54.44371
50.91462
46.15815
43.64559
53.16797
53.69257
20.97857
34.93657
28.34818
17.01613
56.48066
34.93481
61.18168
66.73383
20.26381
45.33484
21.2369
28.69905
70.69199
31.55489
45.34351
47.40527
56.79429
9.856561
42.45458
13.05074
20.71321
60.2965
34.66934
50.79703
12.68079
19.43431
35.59909
37.83918
54.27971
56.68449
2.790571
37.64527
29.23032
46.58564
50.67655
67.33519
65.36195
69.65168
65.02023
33.0367
49.2976
33.44942
52.40773
70.7516
43.21885
38.67066
30.86613
22.69122
33.13068
35.57161
75.2609
50.30406
41.8879
0.1700351
6.816861
33.06188
60.96331
34.88184
42.94114
25.07914
23.64603
22.89515
12.19085
56.30114
48.66781
66.23612
57.78673
4.479059
38.48765
38.98098
67.31827
21.11357
54.28707
51.12971
36.8105
26.0656
42.3907
51.0052
37.09524
33.63895
11.72646
6.665092
48.36571
36.99913
26.16612
86.44249
40.45169
45.06543
18.64187
12.52805
32.82948
62.82694
67.09421
55.66447
72.52361
26.96567
44.86233
27.88588
29.16845
55.69489
28.87444
32.73747
40.29211
50.38969
24.85807
42.25742
39.02991
26.22648
32.31852
53.90848
42.47212
12.18421
77.55046
22.99704
46.65731
45.6235
51.32951
12.6422
17.43776
16.10653
55.8833
44.04664
30.30402
21.29418
65.01616
76.10825
23.43081
17.64109
13.78058
19.50756
22.52859
59.94076
38.92051
60.78019
23.2521
50.13911
57.96811
65.16195
75.14603
17.62005
67.64162
34.0269
34.39965
26.00886
24.46566
78.02747
46.52706
65.72774
39.86316
65.79624
59.74382
51.08126
37.15802
37.31701
48.47331
14.5585
21.06967
36.15815
51.49339
49.64798
37.48851
30.48374
6.547261
34.78852
1.775222
35.82835
17.77344
35.55854
82.9167
68.81355
40.13685
17.82982
26.70028
31.22373
45.16815
73.55219
36.22043
16.54013
28.95036
30.34196
45.67365
39.60103
29.33766
24.96445
33.53519
51.52275
53.7755
58.63522
50.15859
65.10667
62.86715
42.35616
66.28338
74.28782
25.68329
55.47586
52.49949
34.98804
49.10106
45.22555
49.2853
42.19216
58.36445
48.92547
56.68953
66.32725
10.2633
39.79218
23.58065
34.95495
3.788249
28.74169
42.85748
33.55986
44.74893
46.86042
64.14431
44.48077
53.05102
36.77766
61.46146
39.19681
34.98778
37.1783
24.43348
12.25485
33.83318
56.37498
25.34304
66.5554
34.60669
44.79495
30.82562
50.96208
28.05557
20.34866
47.61911
1.698124
35.5917
44.16765
81.22344
16.87076
95.60699
10.30022
37.20074
47.86648
38.13976
46.25453
65.90886
62.44575
69.83209
63.31322
20.87493
17.11095
28.14496
23.19274
81.06851
51.11025
23.8181
78.08052
59.64717
65.18277
32.88608
28.43371
70.56902
30.6923
34.35643
52.33544
47.05118
47.59192
55.48292
51.29585
25.09994
52.23983
56.95007
34.66326
24.61736
47.22768
22.76333
3.000762
73.12467
66.74013
14.05805
38.11956
67.37593
25.30346
36.98338
60.80222
68.84189
55.43516
49.2538
35.14675
30.41973
20.61568
62.76976
24.3402
33.60899
75.9662
24.99809
24.55179
38.00936
60.40695
41.72118
17.17856
46.26946
62.41291
11.34425
36.14681
45.96281
51.03041
55.26441
51.88853
46.24289
34.16504
42.24228
53.4709
77.08808
36.88486
72.66836
35.22177
43.00938
23.36556
32.42995
32.16486
51.47055
48.74403
10.83292
60.75321
47.54747
48.34348
13.28598
65.22055
11.09601
5.780856
51.02557
26.04258
18.56768
46.37686
25.70189
61.67727
79.21009
72.08203
73.89554
48.96848
58.45635
37.93428
56.97396
72.68971
75.17909
26.77709
23.57007
49.53603
47.28941
61.50479
37.64565
49.53547
32.17615
76.8329
8.157683
44.90583
51.66914
38.19398
24.99697
21.03419
36.59697
43.86247
13.31866
70.90724
58.73231
41.93036
54.00558
14.62431
13.74473
68.83513
30.51627
32.0623
51.84656
36.88399
17.6178
46.42773
42.79894
66.68889
76.39803
61.63484
31.36709
48.67274
32.23263
64.59689
44.41475
57.50907
58.98656
53.43036
75.26456
63.28682
16.82649
25.44992
45.72037
32.96139
37.63637
55.42127
51.15143
62.41233
4.698251
19.12819
12.18977
26.77744
92.96649
48.00803
83.90219
72.55307
21.31474
32.30261
32.87123
29.02321
36.29705
34.57587
20.14951
6.676532
50.71238
21.1969
46.76426
71.29095
68.01134
35.55325
43.20637
39.14224
30.04051
3.675384
23.7494
12.10035
59.06969
53.43242
20.12271
49.50422
85.52294
64.86471
38.54029
90.73521
57.46577
34.18857
50.53773
30.41676
44.71163
69.42747
47.38614
43.28226
12.00541
73.51443
38.15924
59.34377
49.92417
21.93635
33.48264
43.9807
44.57389
59.88503
66.11507
26.27214
30.70174
64.61081
10.85277
23.61427
80.39404
47.27607
8.998679
40.04329
51.75527
32.3184
34.0918
49.52821
42.23025
80.31303
56.85353
22.65452
45.32569
39.10107
35.31309
23.83363
44.87066
39.10241
36.48302
74.39626
86.91657
31.32383
19.56801
28.86374
28.91897
75.48449
91.95092
46.08487
61.38621
35.20433
58.72901
29.98903
44.40186
43.84481
54.74748
32.41779
73.15283
26.72472
63.01307
28.60966
41.05151
34.55619
25.34737
6.758643
50.53403
16.32798
60.48495
54.3157
43.4378
42.87494
11.0079
43.19537
6.407611
53.73186
52.82427
1.525439
80.90137
25.86578
9.718938
64.95096
18.73936
35.72765
48.73998
28.13956
36.85737
58.73434
35.49682
41.86183
46.22101
42.33378
35.25706
49.71797
50.88812
62.65025
65.89218
23.60531
41.44334
59.40485
20.80084
44.71017
51.45363
40.31273
39.47372
16.25324
49.43151
38.93775
51.21409
52.29707
26.72791
41.63879
44.40108
69.7475
3.054765
24.85894
63.8725
60.61476
34.47
69.80956
1.008993
4.88059
37.97027
53.38733
40.79695
42.57941
31.89873
37.71871
31.9468
67.18571
76.68856
33.89825
59.28971
10.86811
32.49976
51.96761
60.7162
27.13354
34.03393
60.06952
47.15316
43.50867
5.284392
38.00585
53.15217
40.78412
45.25771
67.73535
36.29228
33.74875
32.06427
49.25243
15.58146
44.87871
51.43038
75.85296
56.14972
68.65793
34.90654
61.10306
34.13182
52.01358
53.66212
33.80211
25.59256
46.83281
86.5691
62.49964
62.73233
61.99692
42.8746
42.95677
30.62173
24.06127
43.12816
37.97219
23.71966
34.31115
77.44958
32.13883
28.43667
41.91121
79.29158
65.21437
35.47049
49.7368
45.58779
55.20194
51.70117
59.43322
42.36362
53.72719
51.35876
34.10803
26.25941
44.79922
56.38486
48.42967
24.93166
60.29755
52.43912
28.47812
46.93752
72.88207
30.50505
27.80154
39.05322
42.6541
64.67252
25.18481
7.346571
48.47354
39.85139
8.742387
42.02092
91.23495
32.09819
61.797
26.64754
14.26602
69.53971
39.51931
80.29471
35.34204
55.82727
40.37249
42.43711
33.01696
42.77722
